image: /home/chenghwang/HW3_room_SLAM.pgm
resolution: 0.050000
origin: [-3.764187, -1.019788, 0.000000]
negate: 0
occupied_thresh: 0.65
free_thresh: 0.196

